1, 1000000.000000, 16780.835564, 1000000.558269, 7600.000000, 25000.000000, 0.465112, 1272.148500, 5.254852, 0.291096, 73.850714, 783276.367188, 74.170031, 216.013067, 145.000000, 0.001700, 0, 216.000000, 0.904346, 16711.306006, 783276.925456, 0.990088, 180.232920, 2.374814, 37346.791832, 1, 0.420065, 0.663806, 2226.117342, 0, 375.726769
1, 1250000.000000, 17930.118935, 1258751.380928, 7600.000000, 25000.000000, 0.485583, 1298.153888, 5.196361, 0.392598, 77.958654, 798583.984375, 75.827729, 216.010416, 145.000000, 0.001700, 0, 216.000000, 0.864318, 17772.821990, 798582.316216, 0.989649, 185.232808, 1.827960, 35584.400662, 0, 0.630538, 1.569931, 5883.587751, 0, 380.626321
1, 1500000.000000, 17978.709903, 1501584.837697, 7600.000000, 25000.000000, 0.500847, 1322.547825, 5.161626, 0.395996, 77.310636, 797935.867310, 76.186821, 216.000000, 145.000000, 0.001700, 0, 216.000000, 0.865258, 17721.612635, 797963.148581, 0.990024, 186.836768, 1.699106, 34259.756180, 1, 0.758786, 2.896248, 7645.732410, 0, 373.252027
1, 1750000.000000, 18115.947991, 1753262.727497, 7600.000000, 25000.000000, 0.510882, 1347.848586, 5.148760, 0.403303, 77.137698, 798492.431641, 76.464869, 215.999996, 145.000000, 0.001700, 0, 216.000000, 0.862862, 17752.962126, 798491.734068, 0.990018, 187.828485, 1.604144, 33261.316044, 1, 0.841112, 5.194394, 8971.849572, 0, 369.246526
1, 2000000.000000, 18214.345167, 2000925.286506, 7600.000000, 25000.000000, 0.517847, 1372.755980, 5.147110, 0.405309, 76.868963, 798396.301270, 76.625807, 216.011174, 145.000000, 0.001700, 0, 216.000000, 0.862631, 17742.359559, 798396.662391, 0.990096, 188.470910, 1.549578, 32595.693175, 1, 0.890497, 7.493013, 9819.115038, 0, 366.199184
1, 2250000.000000, 18169.756628, 2251095.008476, 7600.000000, 25000.000000, 0.522903, 1397.929611, 5.152478, 0.400236, 76.352710, 796260.070801, 76.660087, 215.986902, 145.000000, 0.001700, 0, 216.000000, 0.864959, 17584.504437, 796259.251349, 0.990098, 188.656855, 1.526560, 32219.835217, 1, 0.916990, 9.665008, 10244.505213, 0, 363.080253
1, 2500000.000000, 18806.825375, 2500271.176278, 7600.000000, 25000.000000, 0.526194, 1423.003999, 5.163683, 0.404558, 76.395984, 803261.566162, 76.769716, 215.988036, 145.000000, 0.001700, 0, 216.000000, 0.864096, 18116.220142, 803261.939748, 0.990093, 189.349004, 1.496610, 31825.172602, 1, 0.942644, 12.105040, 10761.549715, 0, 362.206115
1, 2750000.000000, 18710.667066, 2750142.606904, 7600.000000, 25000.000000, 0.529464, 1448.136802, 5.174982, 0.393721, 75.733336, 800338.745117, 76.729755, 216.000000, 145.000000, 0.001700, 0, 216.000000, 0.867938, 17904.786032, 800339.116474, 0.990057, 189.023847, 1.494132, 31697.988909, 1, 0.949118, 14.390898, 10836.495718, 0, 359.347076
1, 3000000.000000, 18970.148227, 3000002.723486, 7600.000000, 25000.000000, 0.531636, 1473.287631, 5.189904, 0.384150, 75.195916, 802221.679688, 76.678023, 216.001464, 145.000000, 0.001700, 0, 216.000000, 0.871500, 18059.725778, 802222.106182, 0.990093, 188.758685, 1.499022, 31666.252599, 1, 0.951272, 16.414885, 10810.534383, 0, 357.091867
1, 3250000.000000, 18753.994215, 3250000.412523, 7600.000000, 25000.000000, 0.533240, 1498.437130, 5.206621, 0.374017, 74.674045, 797740.936279, 76.616302, 216.010341, 145.000000, 0.001700, 0, 216.000000, 0.875211, 17727.514908, 797741.348803, 0.990092, 188.455388, 1.507175, 31668.385821, 1, 0.951045, 18.645280, 10733.309451, 0, 354.993491
1, 3500000.000000, 18976.362723, 3500000.430460, 7600.000000, 25000.000000, 0.534400, 1523.604218, 5.224724, 0.372285, 74.534640, 799261.474609, 76.619416, 216.007748, 145.000000, 0.001700, 0, 216.000000, 0.875973, 17845.873595, 799261.905069, 0.990095, 188.472965, 1.503182, 31593.974033, 1, 0.956798, 21.060231, 10811.353472, 0, 354.135979
1, 3750000.000000, 18806.753917, 3750000.435682, 7600.000000, 25000.000000, 0.535173, 1548.778302, 5.244030, 0.360473, 74.025850, 795513.916016, 76.525816, 215.999996, 145.000000, 0.001700, 0, 216.000000, 0.879824, 17570.049822, 795514.351697, 0.990016, 188.077441, 1.520001, 31677.122401, 1, 0.950020, 16.476580, 10633.715778, 0, 352.435093
1, 4000000.000000, 18928.160317, 4000000.452418, 7600.000000, 25000.000000, 0.535775, 1573.936404, 5.263854, 0.356111, 73.821598, 795678.710938, 76.499985, 215.999996, 145.000000, 0.001700, 0, 216.000000, 0.881401, 17586.878906, 795679.163355, 0.990016, 187.987180, 1.523341, 31672.288639, 1, 0.950400, 15.840333, 10607.958944, 0, 351.593892
1, 4250000.000000, 18897.777483, 4250000.445886, 7600.000000, 25000.000000, 0.536300, 1599.105387, 5.283920, 0.352171, 73.644709, 793862.152100, 76.476278, 215.999996, 145.000000, 0.001700, 0, 216.000000, 0.882759, 17451.089392, 793862.597986, 0.990017, 187.904031, 1.526708, 31673.550885, 1, 0.956980, 17.144179, 10581.756522, 0, 350.900357
1, 4500000.000000, 19204.456175, 4499999.659416, 7600.000000, 25000.000000, 0.536728, 1624.280090, 5.304295, 0.353442, 73.651462, 796521.759033, 76.490403, 215.999996, 145.000000, 0.001700, 0, 216.000000, 0.882535, 17654.235061, 796521.418449, 0.990017, 187.954572, 1.522625, 31629.274024, 1, 0.960000, 18.806254, 10639.843406, 0, 350.608482
1, 4750000.000000, 19087.015934, 4750000.426917, 7600.000000, 25000.000000, 0.537173, 1649.455794, 5.324611, 0.356047, 73.727955, 793641.662598, 76.520523, 215.999996, 145.000000, 0.001700, 0, 216.000000, 0.881684, 17430.942959, 793642.089515, 0.990016, 188.061505, 1.515229, 31561.342546, 1, 0.960000, 19.867509, 10739.905092, 1, 350.679125
1, 5000000.000000, 27666.316454, 5000004.330810, 7600.000000, 25000.000000, 0.536904, 1674.643594, 5.347174, 0.356201, 73.727011, 909991.615469, 76.512393, 215.999996, 145.000000, 0.001700, 0, 216.000000, 0.881797, 25954.299550, 909995.946279, 0.990016, 188.032284, 1.517635, 31588.454877, 1, 0.960000, 19.821411, 10702.626886, 1, 350.628274
1, 5250000.000000, 27660.481893, 5250004.230385, 7600.000000, 25000.000000, 0.536904, 1699.825742, 5.368889, 0.356201, 73.727011, 908414.780227, 76.512393, 215.999996, 145.000000, 0.001700, 0, 216.000000, 0.881797, 25843.158653, 908419.010611, 0.990016, 188.032284, 1.517635, 31588.454877, 1, 0.960000, 19.821411, 10702.626886, 1, 350.628274
1, 5500000.000000, 27654.543437, 5500004.131497, 7600.000000, 25000.000000, 0.536904, 1725.007890, 5.390604, 0.356201, 73.727011, 906837.944985, 76.512393, 215.999996, 145.000000, 0.001700, 0, 216.000000, 0.881797, 25731.913862, 906842.076481, 0.990016, 188.032284, 1.517635, 31588.454877, 1, 0.960000, 19.821411, 10702.626886, 1, 350.628274
1, 5750000.000000, 27648.500428, 5750004.034399, 7600.000000, 25000.000000, 0.536904, 1750.190038, 5.412320, 0.356201, 73.727011, 905261.109742, 76.512393, 215.999996, 145.000000, 0.001700, 0, 216.000000, 0.881797, 25620.564517, 905265.144141, 0.990016, 188.032284, 1.517635, 31588.454877, 1, 0.960000, 19.821411, 10702.626886, 1, 350.628274
1, 6000000.000000, 27642.352464, 6000003.939060, 7600.000000, 25000.000000, 0.536904, 1775.372186, 5.434035, 0.356201, 73.727011, 903684.274500, 76.512393, 215.999996, 145.000000, 0.001700, 0, 216.000000, 0.881797, 25509.110218, 903688.213560, 0.990016, 188.032284, 1.517635, 31588.454877, 1, 0.960000, 19.821411, 10702.626886, 1, 350.628274
1, 6250000.000000, 27636.103567, 6250003.838975, 7600.000000, 25000.000000, 0.536904, 1800.554334, 5.455751, 0.356201, 73.727011, 902107.439258, 76.512393, 215.999996, 145.000000, 0.001700, 0, 216.000000, 0.881797, 25397.554986, 902111.278233, 0.990016, 188.032284, 1.517635, 31588.454877, 1, 0.960000, 19.821411, 10702.626886, 1, 350.628274
1, 6500000.000000, 27629.742909, 6500003.727594, 7600.000000, 25000.000000, 0.536904, 1825.736481, 5.477466, 0.356201, 73.727011, 900530.604016, 76.512393, 215.999996, 145.000000, 0.001700, 0, 216.000000, 0.881797, 25285.887992, 900534.331609, 0.990016, 188.032284, 1.517635, 31588.454877, 1, 0.960000, 19.821411, 10702.626886, 1, 350.628274
1, 6750000.000000, 19455.539613, 6749999.392846, 7600.000000, 25000.000000, 0.537295, 1850.926874, 5.497951, 0.356414, 73.748807, 787538.239558, 76.527273, 215.999996, 145.000000, 0.001700, 0, 216.000000, 0.881441, 16959.741471, 787537.632404, 0.990015, 188.085512, 1.513761, 31549.882197, 1, 0.960000, 20.006996, 10762.250261, 1, 350.787538
1, 7000000.000000, 19562.048210, 6999999.350787, 7600.000000, 25000.000000, 0.537291, 1876.108753, 5.519677, 0.355925, 73.723985, 787553.325170, 76.521620, 215.999996, 145.000000, 0.001700, 0, 216.000000, 0.881662, 16961.610087, 787552.675957, 0.990016, 188.065437, 1.514930, 31558.202675, 1, 0.960000, 19.853277, 10747.545993, 1, 350.672438
1, 7250000.000000, 27610.025675, 7250003.466033, 7600.000000, 25000.000000, 0.536904, 1901.282928, 5.542612, 0.356201, 73.727011, 895800.098289, 76.512393, 215.999996, 145.000000, 0.001700, 0, 216.000000, 0.881797, 24950.251753, 895803.564323, 0.990016, 188.032284, 1.517635, 31588.454877, 1, 0.960000, 19.821411, 10702.626886, 1, 350.628274
1, 7500000.000000, 27603.238702, 7500003.381679, 7600.000000, 25000.000000, 0.536904, 1926.465078, 5.564328, 0.356201, 73.727011, 894223.263047, 76.512393, 215.999996, 145.000000, 0.001700, 0, 216.000000, 0.881797, 24838.158444, 894226.644726, 0.990016, 188.032284, 1.517635, 31588.454877, 1, 0.960000, 19.821411, 10702.626886, 1, 350.628274
1, 7750000.000000, 27596.346019, 7750003.293346, 7600.000000, 25000.000000, 0.536904, 1951.647227, 5.586043, 0.356201, 73.727011, 892646.427805, 76.512393, 215.999996, 145.000000, 0.001700, 0, 216.000000, 0.881797, 24725.959426, 892649.721151, 0.990016, 188.032284, 1.517635, 31588.454877, 1, 0.960000, 19.821411, 10702.626886, 1, 350.628274
1, 8000000.000000, 20430.102524, 8000000.425015, 7600.000000, 25000.000000, 0.537163, 1976.820345, 5.606927, 0.355957, 73.723126, 793413.342559, 76.519169, 215.999996, 145.000000, 0.001700, 0, 216.000000, 0.881731, 17413.532136, 793413.767574, 0.990016, 188.056687, 1.515532, 31563.807048, 1, 0.960000, 19.836597, 10735.871837, 1, 350.655281
1, 8250000.000000, 27649.603744, 8250003.182500, 7600.000000, 25000.000000, 0.536904, 2002.011531, 5.629474, 0.356201, 73.727011, 890443.189144, 76.512393, 215.999996, 145.000000, 0.001700, 0, 216.000000, 0.881797, 24569.002316, 890446.371644, 0.990016, 188.032284, 1.517635, 31588.454877, 1, 0.960000, 19.821411, 10702.626886, 1, 350.628274
