1, 1000000.000000, 5853.266460, 1000002.565971, 7600.000000, 25000.000000, 0.468255, 1272.831464, 5.242323, 0.341864, 75.840094, 693124.389648, 74.548594, 216.000002, 45.000000, 0.003000, 0, 216.000000, 0.880995, 5754.814227, 693126.955619, 0.990046, 61.001642, 3.495061, 36947.666986, 1, 0.498633, 0.907981, 3456.177678, 0, 378.436998
1, 1250000.000000, 6405.420762, 1252048.970010, 7600.000000, 25000.000000, 0.487362, 1298.368445, 5.189789, 0.391499, 77.450095, 702941.894531, 75.572731, 216.001240, 45.000000, 0.003000, 0, 216.000000, 0.889837, 6208.706570, 702944.105630, 0.989992, 65.173479, 3.134475, 35195.449180, 0, 0.680736, 1.946783, 6460.481485, 0, 376.159679
1, 1500000.000000, 6646.993036, 1500625.792991, 7600.000000, 25000.000000, 0.499407, 1323.530977, 5.167573, 0.402855, 77.400223, 706045.532227, 75.955202, 216.000011, 45.000000, 0.003000, 0, 216.000000, 0.898617, 6354.326043, 706047.521345, 0.990089, 67.078834, 2.991243, 34023.523834, 1, 0.789040, 3.518934, 8111.368468, 0, 371.795938
1, 1750000.000000, 6816.688727, 1750008.092630, 7600.000000, 25000.000000, 0.508523, 1348.749448, 5.157619, 0.403989, 76.969308, 707228.660583, 76.148926, 216.000000, 45.000000, 0.003000, 0, 216.000000, 0.905020, 6411.736394, 707230.416497, 0.990029, 68.051216, 2.899375, 33175.905665, 1, 0.856546, 5.959492, 9201.342965, 0, 367.523325
1, 2000000.000000, 6965.175034, 2000266.986547, 7600.000000, 25000.000000, 0.514442, 1374.089942, 5.159615, 0.403791, 76.652691, 708110.427856, 76.261309, 216.000000, 45.000000, 0.003000, 0, 216.000000, 0.909564, 6454.700154, 708112.143591, 0.990027, 68.681411, 2.848370, 32647.499931, 1, 0.895743, 7.950937, 9873.489957, 0, 364.733645
1, 2250000.000000, 7136.468588, 2250245.179247, 7600.000000, 25000.000000, 0.518915, 1399.397138, 5.166590, 0.404066, 76.435040, 709310.913086, 76.351853, 216.000000, 45.000000, 0.003000, 0, 216.000000, 0.913064, 6512.390661, 709312.758902, 0.990026, 69.196003, 2.810683, 32224.480021, 1, 0.924968, 10.236825, 10405.835911, 0, 362.708063
1, 2500000.000000, 7138.448156, 2500671.132207, 7600.000000, 25000.000000, 0.522395, 1424.704353, 5.177232, 0.400410, 76.110215, 707031.250000, 76.384356, 216.003656, 45.000000, 0.003000, 0, 216.000000, 0.911968, 6404.932816, 707034.048466, 0.989750, 68.960743, 2.761453, 31920.282664, 0, 0.941721, 12.522965, 10748.715131, 0, 360.860530
1, 2750000.000000, 7558.666905, 2750090.747505, 7600.000000, 25000.000000, 0.525086, 1449.961114, 5.190495, 0.393275, 75.645374, 713485.717773, 76.367126, 216.000000, 45.000000, 0.003000, 0, 216.000000, 0.918263, 6715.947814, 713487.986496, 0.990026, 69.295100, 2.774644, 31823.367235, 1, 0.949124, 14.676822, 10826.240519, 0, 358.682142
1, 3000000.000000, 6962.103523, 3000635.352783, 7600.000000, 25000.000000, 0.527228, 1475.023508, 5.205321, 0.381154, 75.039019, 698518.371582, 76.258635, 216.000571, 45.000000, 0.003000, 0, 216.000000, 0.889490, 6003.854649, 698519.673126, 0.987613, 65.532517, 2.593099, 31562.305254, 0, 0.951815, 17.109152, 10978.328266, 0, 356.479620
1, 3250000.000000, 7194.356889, 3250005.062446, 7600.000000, 25000.000000, 0.528547, 1500.386440, 5.223019, 0.375972, 74.718454, 701025.390625, 76.248217, 216.000723, 45.000000, 0.003000, 0, 216.000000, 0.907065, 6127.393888, 701030.453071, 0.989004, 67.140466, 2.691733, 31679.234294, 0, 0.953509, 19.113075, 10840.416991, 0, 354.886982
1, 3500000.000000, 7266.770271, 3500001.526004, 7600.000000, 25000.000000, 0.529735, 1525.654201, 5.241045, 0.372255, 74.506535, 700325.012207, 76.236969, 216.000708, 45.000000, 0.003000, 0, 216.000000, 0.907122, 6094.867806, 700326.538211, 0.988913, 66.976075, 2.680392, 31608.177989, 0, 0.957157, 21.452086, 10896.569295, 0, 353.887377
1, 3750000.000000, 7225.777891, 3750001.435969, 7600.000000, 25000.000000, 0.530545, 1550.861223, 5.260258, 0.361213, 74.037164, 697207.641602, 76.142320, 216.000684, 45.000000, 0.003000, 0, 216.000000, 0.900449, 5947.924246, 697209.077570, 0.988247, 65.725270, 2.645352, 31625.091938, 0, 0.951575, 17.157513, 10785.742334, 0, 352.357960
1, 4000000.000000, 7658.265218, 4000001.879970, 7600.000000, 25000.000000, 0.531096, 1576.459868, 5.280636, 0.366548, 74.172023, 704101.562500, 76.217047, 216.000000, 45.000000, 0.003000, 0, 216.000000, 0.923723, 6278.650971, 704103.442470, 0.990028, 68.472752, 2.773905, 31710.683960, 1, 0.960000, 22.564043, 10774.549966, 0, 352.197137
1, 4250000.000000, 7184.197971, 4250001.176172, 7600.000000, 25000.000000, 0.531683, 1601.154361, 5.300118, 0.352534, 73.657078, 691931.152344, 76.065633, 216.000428, 45.000000, 0.003000, 0, 216.000000, 0.880690, 5694.843075, 691932.328515, 0.986323, 63.257050, 2.522484, 31412.275879, 0, 0.957351, 17.811985, 10919.627833, 0, 350.939579
1, 4500000.000000, 7605.242495, 4500001.588830, 7600.000000, 25000.000000, 0.532042, 1626.879685, 5.321196, 0.356685, 73.746453, 698535.156250, 76.134567, 216.000779, 45.000000, 0.003000, 0, 216.000000, 0.911834, 6014.005641, 698536.745080, 0.989082, 66.699654, 2.703449, 31650.434231, 0, 0.958810, 19.063545, 10746.194004, 0, 350.704177
1, 4750000.000000, 9589.704576, 4750007.196201, 7600.000000, 25000.000000, 0.532030, 1652.382879, 5.343243, 0.358158, 73.771025, 738851.408393, 76.155527, 216.000000, 45.000000, 0.003000, 0, 216.000000, 0.924778, 7910.697212, 738858.604593, 0.990029, 68.137557, 2.778983, 31737.224178, 1, 0.960000, 19.850195, 10676.629254, 1, 350.550436
1, 5000000.000000, 8010.195464, 5000001.775435, 7600.000000, 25000.000000, 0.532377, 1677.728873, 5.364030, 0.358210, 73.783265, 702642.822266, 76.167297, 216.000000, 45.000000, 0.003000, 0, 216.000000, 0.924958, 6211.385428, 702644.597701, 0.990028, 68.202505, 2.776774, 31705.960972, 1, 0.960000, 19.971041, 10726.044670, 1, 350.657138
1, 5250000.000000, 8119.680815, 5250001.970134, 7600.000000, 25000.000000, 0.532411, 1703.066374, 5.385787, 0.357996, 73.772386, 702742.433548, 76.164737, 216.000000, 45.000000, 0.003000, 0, 216.000000, 0.924942, 6216.266178, 702744.403682, 0.990028, 68.188328, 2.775276, 31711.074062, 1, 0.960000, 19.903027, 10719.498530, 1, 350.607207
1, 5500000.000000, 8222.015741, 5500001.783901, 7600.000000, 25000.000000, 0.532326, 1728.387726, 5.407905, 0.358162, 73.780744, 702694.702148, 76.166645, 216.000000, 45.000000, 0.003000, 0, 216.000000, 0.924989, 6213.934829, 702696.486050, 0.990028, 68.199020, 2.776784, 31704.828007, 1, 0.960000, 19.955011, 10723.587580, 1, 350.645318
1, 5750000.000000, 8315.772949, 5750001.759294, 7600.000000, 25000.000000, 0.532368, 1753.738676, 5.429651, 0.358452, 73.795233, 702469.200798, 76.169869, 216.000000, 45.000000, 0.003000, 0, 216.000000, 0.924948, 6202.951351, 702470.960092, 0.990028, 68.216560, 2.776068, 31702.529662, 1, 0.960000, 20.045259, 10732.179900, 1, 350.710682
1, 6000000.000000, 8428.371365, 6000001.777047, 7600.000000, 25000.000000, 0.532381, 1779.075269, 5.451476, 0.358085, 73.776990, 702633.280214, 76.165896, 216.000000, 45.000000, 0.003000, 0, 216.000000, 0.924961, 6210.972152, 702635.057261, 0.990028, 68.194853, 2.777174, 31708.007672, 1, 0.960000, 19.932133, 10722.631032, 1, 350.628779
1, 6250000.000000, 8867.597186, 6250002.550187, 7600.000000, 25000.000000, 0.532295, 1804.388799, 5.473591, 0.358158, 73.779359, 709719.318700, 76.165202, 216.000000, 45.000000, 0.003000, 0, 216.000000, 0.924961, 6548.517788, 709721.868887, 0.990028, 68.190925, 2.775024, 31708.994633, 1, 0.960000, 19.940722, 10717.251965, 1, 350.632583
1, 6500000.000000, 8636.126531, 6500001.771588, 7600.000000, 25000.000000, 0.532324, 1829.730539, 5.495369, 0.358360, 73.790769, 702602.474578, 76.168990, 216.000000, 45.000000, 0.003000, 0, 216.000000, 0.924987, 6209.421832, 702604.246166, 0.990028, 68.211848, 2.776101, 31701.248082, 1, 0.960000, 20.017981, 10729.578430, 1, 350.691255
1, 6750000.000000, 9084.271141, 6750002.568905, 7600.000000, 25000.000000, 0.532303, 1855.058303, 5.517293, 0.357987, 73.771118, 709874.669839, 76.163636, 216.000000, 45.000000, 0.003000, 0, 216.000000, 0.924976, 6555.964179, 709877.238744, 0.990028, 68.182401, 2.775404, 31710.475386, 1, 0.960000, 19.891235, 10713.951712, 1, 350.596947
1, 7000000.000000, 8844.525129, 7000001.771278, 7600.000000, 25000.000000, 0.532377, 1880.420756, 5.538945, 0.358305, 73.788041, 702583.877370, 76.168418, 216.000000, 45.000000, 0.003000, 0, 216.000000, 0.924956, 6208.520054, 702585.648647, 0.990028, 68.208639, 2.776453, 31704.314545, 1, 0.960000, 20.001058, 10728.942503, 1, 350.679046
1, 7250000.000000, 8949.373042, 7250001.771071, 7600.000000, 25000.000000, 0.532377, 1905.757518, 5.560809, 0.358329, 73.789260, 702588.311528, 76.168688, 216.000000, 45.000000, 0.003000, 0, 216.000000, 0.924955, 6208.723528, 702590.082599, 0.990028, 68.210112, 2.776381, 31703.971240, 1, 0.960000, 20.008655, 10729.611401, 1, 350.684544
1, 7500000.000000, 9057.902282, 7500001.776369, 7600.000000, 25000.000000, 0.532377, 1931.093603, 5.582676, 0.358219, 73.783682, 702669.041963, 76.167369, 216.000000, 45.000000, 0.003000, 0, 216.000000, 0.924957, 6212.640265, 702670.818332, 0.990028, 68.202898, 2.776760, 31705.937418, 1, 0.960000, 19.973524, 10726.189784, 1, 350.658900
1, 7750000.000000, 9207.842991, 7750001.980079, 7600.000000, 25000.000000, 0.532299, 1956.399623, 5.604761, 0.358061, 73.774699, 703620.314598, 76.164356, 216.000000, 45.000000, 0.003000, 0, 216.000000, 0.924972, 6258.332867, 703622.294678, 0.990028, 68.186320, 2.775213, 31709.604487, 1, 0.960000, 19.912902, 10715.522532, 1, 350.612658
1, 8000000.000000, 9277.336779, 8000001.931436, 7600.000000, 25000.000000, 0.532328, 1981.735504, 5.626533, 0.358012, 73.773047, 702881.622314, 76.164705, 216.000000, 45.000000, 0.003000, 0, 216.000000, 0.924988, 6222.871154, 702883.553751, 0.990028, 68.188272, 2.775015, 31707.928017, 1, 0.960000, 19.906319, 10717.982708, 1, 350.609301
1, 8250000.000000, 9364.716272, 8250001.761368, 7600.000000, 25000.000000, 0.532370, 2007.103826, 5.648292, 0.358451, 73.795226, 702521.348000, 76.169871, 216.000000, 45.000000, 0.003000, 0, 216.000000, 0.924947, 6205.453546, 702523.109368, 0.990028, 68.216568, 2.776072, 31702.583042, 1, 0.960000, 20.045232, 10732.209808, 1, 350.710669
